1816
0	1538	0.000001
1	1816	0.000001
2	1739	0.000002
3	1594	0.000009
4	826	0.000010
5	184	0.000013
6	601	0.000013
7	2271	0.000014
8	376	0.000015
9	633	0.000016
10	1415	0.000016
11	1766	0.000016
12	263	0.000017
13	1125	0.000019
14	1540	0.000019
15	1970	0.000020
16	74	0.000020
17	193	0.000024
18	345	0.000024
19	1352	0.000025
20	560	0.000026
21	1933	0.000026
22	424	0.000026
23	1510	0.000026
24	649	0.000028
25	1917	0.000028
26	514	0.000030
27	534	0.000031
28	2295	0.000032
29	21	0.000033
30	2027	0.000034
31	126	0.000034
32	1568	0.000035
33	218	0.000036
34	2193	0.000036
35	998	0.000037
36	885	0.000037
37	418	0.000038
38	81	0.000039
39	747	0.000039
40	2187	0.000039
41	767	0.000040
42	951	0.000041
43	1939	0.000042
44	813	0.000042
45	1083	0.000042
46	350	0.000043
47	1466	0.000043
48	1247	0.000043
49	445	0.000045
50	490	0.000047
51	2358	0.000047
52	1298	0.000047
53	1404	0.000048
54	2364	0.000049
55	1905	0.000049
56	890	0.000049
57	827	0.000049
58	2073	0.000050
59	908	0.000050
60	1362	0.000052
61	1122	0.000053
62	1035	0.000053
63	1318	0.000053
64	2041	0.000055
65	150	0.000055
66	2016	0.000055
67	2275	0.000057
68	1277	0.000057
69	1243	0.000061
70	2131	0.000062
71	2156	0.000062
72	404	0.000062
73	2136	0.000063
74	1507	0.000063
75	759	0.000065
76	666	0.000065
77	1381	0.000065
78	1085	0.000065
79	273	0.000066
80	1778	0.000066
81	1895	0.000067
82	1374	0.000067
83	1067	0.000068
84	254	0.000069
85	1130	0.000070
86	1328	0.000071
87	582	0.000071
88	469	0.000072
89	319	0.000072
90	1635	0.000075
91	1527	0.000075
92	2348	0.000076
93	132	0.000079
94	932	0.000079
95	1072	0.000080
96	594	0.000083
97	1464	0.000085
98	5	0.000087
99	2212	0.000088
100	1078	0.000089
101	727	0.000089
102	458	0.000090
103	175	0.000094
104	230	0.000094
105	1705	0.000095
106	2070	0.000096
107	1364	0.000097
108	1806	0.000097
109	2051	0.000098
110	1181	0.000099
111	2343	0.000102
112	361	0.000103
113	954	0.000104
114	1495	0.000105
115	1993	0.000106
116	1947	0.000106
117	1426	0.000107
118	1653	0.000108
119	448	0.000109
120	495	0.000109
121	129	0.000109
122	1677	0.000113
123	661	0.000113
124	1620	0.000114
125	1902	0.000117
126	107	0.000118
127	1628	0.000118
128	2059	0.000119
129	764	0.000119
130	1844	0.000120
131	459	0.000120
132	466	0.000122
133	1018	0.000123
134	1423	0.000123
135	2223	0.000123
136	2264	0.000124
137	1711	0.000125
138	978	0.000125
139	2389	0.000125
140	607	0.000130
141	1530	0.000130
142	809	0.000133
143	472	0.000134
144	143	0.000135
145	1764	0.000135
146	2160	0.000136
147	37	0.000136
148	1256	0.000138
149	1867	0.000138
150	1252	0.000139
151	2007	0.000140
152	1612	0.000142
153	2134	0.000142
154	653	0.000142
155	1857	0.000145
156	91	0.000145
157	1150	0.000147
158	406	0.000148
159	2241	0.000151
160	1516	0.000155
161	1422	0.000158
162	1747	0.000159
163	1451	0.000160
164	1086	0.000160
165	1179	0.000160
166	695	0.000160
167	1412	0.000161
168	101	0.000164
169	61	0.000164
170	821	0.000166
171	701	0.000166
172	93	0.000166
173	856	0.000166
174	515	0.000169
175	410	0.000172
176	1986	0.000172
177	137	0.000174
178	22	0.000178
179	1941	0.000178
180	691	0.000178
181	242	0.000179
182	804	0.000179
183	99	0.000185
184	1014	0.000186
185	89	0.000187
186	1300	0.000190
187	570	0.000193
188	2137	0.000194
189	1622	0.000194
190	593	0.000194
191	613	0.000195
192	1885	0.000196
193	788	0.000197
194	435	0.000197
195	1458	0.000200
196	1306	0.000204
197	1658	0.000209
198	521	0.000210
199	423	0.000213
200	1293	0.000215
201	848	0.000217
202	1305	0.000218
203	937	0.000220
204	394	0.000232
205	1548	0.000241
206	421	0.000241
207	20	0.000244
208	2090	0.000245
209	1237	0.000247
210	53	0.000248
211	1361	0.000252
212	2013	0.000253
213	1621	0.000260
214	617	0.000264
215	1949	0.000272
216	1940	0.000273
217	720	0.000275
218	1547	0.000280
219	654	0.000283
220	1345	0.000284
221	1057	0.000288
222	119	0.000296
223	1474	0.000298
224	1550	0.000304
225	1315	0.000304
226	1634	0.000305
227	146	0.000306
228	798	0.000306
229	447	0.000307
230	1115	0.000307
231	1795	0.000308
232	1859	0.000312
233	795	0.000312
234	202	0.000313
235	1288	0.000314
236	768	0.000314
237	2370	0.000318
238	737	0.000320
239	2164	0.000323
240	1769	0.000323
241	1219	0.000326
242	1575	0.000327
243	473	0.000327
244	1182	0.000327
245	866	0.000336
246	2078	0.000340
247	2076	0.000342
248	1531	0.000347
249	2340	0.000348
250	155	0.000348
251	1160	0.000350
252	1995	0.000352
253	2053	0.000352
254	563	0.000355
255	1126	0.000356
256	2150	0.000360
257	2231	0.000360
258	2201	0.000360
259	825	0.000362
260	1508	0.000368
261	1969	0.000368
262	1989	0.000368
263	1356	0.000370
264	1011	0.000374
265	736	0.000376
266	182	0.000376
267	2183	0.000379
268	507	0.000380
269	949	0.000381
270	1590	0.000383
271	898	0.000383
272	283	0.000384
273	65	0.000387
274	1532	0.000391
275	1375	0.000392
276	1920	0.000401
277	1793	0.000401
278	333	0.000403
279	430	0.000403
280	1472	0.000404
281	2254	0.000404
282	875	0.000415
283	2297	0.000415
284	9	0.000420
285	1865	0.000421
286	1000	0.000426
287	413	0.000428
288	850	0.000431
289	1872	0.000432
290	983	0.000433
291	2127	0.000437
292	231	0.000439
293	1755	0.000450
294	1699	0.000454
295	2228	0.000454
296	1191	0.000455
297	1265	0.000456
298	1311	0.000457
299	588	0.000457
300	2274	0.000473
301	2320	0.000474
302	1617	0.000475
303	2279	0.000476
304	1663	0.000478
305	1275	0.000485
306	787	0.000492
307	1561	0.000492
308	16	0.000492
309	581	0.000495
310	2217	0.000496
311	1790	0.000497
312	698	0.000498
313	1205	0.000498
314	338	0.000500
315	1314	0.000501
316	845	0.000501
317	2322	0.000502
318	1828	0.000506
319	1448	0.000507
320	310	0.000507
321	1479	0.000515
322	595	0.000522
323	148	0.000527
324	1253	0.000527
325	1841	0.000530
326	1830	0.000532
327	1855	0.000536
328	1834	0.000536
329	1945	0.000539
330	746	0.000544
331	1168	0.000545
332	700	0.000551
333	1213	0.000558
334	722	0.000559
335	699	0.000560
336	688	0.000565
337	147	0.000568
338	669	0.000570
339	2258	0.000572
340	271	0.000575
341	2025	0.000577
342	2245	0.000579
343	57	0.000588
344	1417	0.000591
345	1309	0.000596
346	1383	0.000597
347	1438	0.000598
348	833	0.000609
349	145	0.000609
350	913	0.000614
351	1771	0.000619
352	1955	0.000622
353	1340	0.000622
354	877	0.000626
355	1359	0.000628
356	347	0.000629
357	849	0.000640
358	2172	0.000643
359	2105	0.000647
360	1606	0.000647
361	1533	0.000648
362	1363	0.000661
363	1286	0.000663
364	2405	0.000668
365	1595	0.000670
366	1071	0.000670
367	356	0.000677
368	741	0.000680
369	66	0.000691
370	123	0.000711
371	2190	0.000711
372	480	0.000719
373	1921	0.000738
374	2066	0.000740
375	17	0.000741
376	1439	0.000751
377	1392	0.000752
378	1848	0.000754
379	1741	0.000760
380	1596	0.000765
381	690	0.000770
382	1107	0.000782
383	10	0.000784
384	2336	0.000788
385	211	0.000789
386	433	0.000792
387	1132	0.000792
388	2120	0.000797
389	1798	0.000799
390	1966	0.000814
391	1200	0.000821
392	719	0.000824
393	200	0.000826
394	1050	0.000827
395	1639	0.000830
396	1006	0.000838
397	1012	0.000840
398	1681	0.000845
399	245	0.000845
400	976	0.000847
401	2097	0.000850
402	128	0.000857
403	1164	0.000871
404	2334	0.000871
405	1626	0.000874
406	2148	0.000879
407	106	0.000881
408	110	0.000895
409	2399	0.000905
410	1914	0.000905
411	1919	0.000905
412	278	0.000912
413	756	0.000920
414	60	0.000930
415	630	0.000934
416	2255	0.000936
417	1437	0.000938
418	1566	0.000940
419	2048	0.000940
420	1312	0.000946
421	1944	0.000953
422	2020	0.000957
423	1092	0.000985
424	692	0.000985
425	662	0.000986
426	1599	0.000988
427	1127	0.000998
428	1139	0.001001
429	1760	0.001008
430	802	0.001014
431	1480	0.001035
432	2374	0.001037
433	2218	0.001040
434	1974	0.001047
435	934	0.001066
436	834	0.001068
437	2276	0.001072
438	1167	0.001079
439	1047	0.001086
440	1295	0.001089
441	1829	0.001099
442	2248	0.001100
443	80	0.001103
444	1564	0.001111
445	733	0.001140
446	441	0.001150
447	1853	0.001173
448	44	0.001182
449	1143	0.001182
450	624	0.001187
451	205	0.001202
452	165	0.001204
453	1669	0.001208
454	378	0.001213
455	2390	0.001216
456	1719	0.001221
457	286	0.001221
458	355	0.001226
459	2347	0.001241
460	1281	0.001245
461	380	0.001253
462	984	0.001261
463	1786	0.001264
464	162	0.001271
465	603	0.001273
466	921	0.001291
467	1990	0.001291
468	140	0.001292
469	1750	0.001293
470	1290	0.001294
471	1202	0.001297
472	610	0.001308
473	2361	0.001313
474	189	0.001330
475	931	0.001332
476	1350	0.001334
477	1997	0.001335
478	1571	0.001339
479	478	0.001344
480	1985	0.001346
481	1546	0.001350
482	631	0.001356
483	1563	0.001357
484	2219	0.001358
485	508	0.001360
486	972	0.001368
487	1105	0.001380
488	1027	0.001384
489	622	0.001389
490	569	0.001395
491	2272	0.001399
492	1120	0.001402
493	540	0.001406
494	1255	0.001416
495	1643	0.001424
496	1239	0.001427
497	2324	0.001459
498	1039	0.001461
499	1117	0.001471
500	1579	0.001471
501	1420	0.001499
502	1839	0.001505
503	773	0.001511
504	1116	0.001542
505	2352	0.001542
506	2329	0.001564
507	1196	0.001564
508	573	0.001572
509	1030	0.001596
510	2387	0.001618
511	187	0.001626
512	2396	0.001636
513	1270	0.001646
514	940	0.001653
515	2186	0.001659
516	498	0.001663
517	2332	0.001706
518	199	0.001708
519	1017	0.001734
520	526	0.001741
521	236	0.001748
522	579	0.001753
523	1131	0.001780
524	391	0.001795
525	1751	0.001797
526	2266	0.001800
527	522	0.001810
528	2375	0.001860
529	1559	0.001907
530	1320	0.001921
531	463	0.001938
532	432	0.001940
533	2243	0.001949
534	318	0.001972
535	181	0.001999
536	2233	0.002011
537	637	0.002013
538	1708	0.002073
539	2372	0.002094
540	1640	0.002099
541	2294	0.002104
542	1808	0.002112
543	142	0.002118
544	1581	0.002126
545	1208	0.002126
546	731	0.002154
547	85	0.002162
548	678	0.002165
549	1329	0.002170
550	292	0.002173
551	1850	0.002185
552	962	0.002196
553	1332	0.002199
554	285	0.002207
555	769	0.002221
556	2215	0.002224
557	1330	0.002231
558	1497	0.002244
559	1138	0.002255
560	309	0.002316
561	770	0.002322
562	2080	0.002334
563	2252	0.002334
564	2015	0.002336
565	1988	0.002344
566	1922	0.002349
567	308	0.002396
568	1610	0.002401
569	1768	0.002406
570	2057	0.002421
571	434	0.002439
572	1476	0.002441
573	1625	0.002469
574	1465	0.002524
575	751	0.002537
576	1824	0.002584
577	1336	0.002595
578	614	0.002598
579	899	0.002609
580	1685	0.002648
581	1716	0.002665
582	2415	0.002671
583	1833	0.002673
584	774	0.002673
585	1892	0.002674
586	800	0.002676
587	973	0.002713
588	2203	0.002754
589	694	0.002790
590	2319	0.002796
591	1680	0.002812
592	557	0.002814
593	1212	0.002817
594	1928	0.002818
595	565	0.002847
596	176	0.002859
597	354	0.002883
598	929	0.002894
599	2306	0.002894
600	468	0.002911
601	600	0.002919
602	950	0.002932
603	2096	0.002966
604	905	0.002967
605	797	0.003011
606	251	0.003031
607	963	0.003045
608	2249	0.003069
609	1289	0.003073
610	477	0.003141
611	806	0.003163
612	1400	0.003166
613	2362	0.003187
614	1767	0.003249
615	321	0.003266
616	2414	0.003282
617	1843	0.003313
618	1271	0.003318
619	166	0.003354
620	2138	0.003361
621	1838	0.003387
622	50	0.003428
623	1943	0.003432
624	1555	0.003540
625	1682	0.003586
626	1783	0.003638
627	2155	0.003652
628	388	0.003662
629	102	0.003669
630	1498	0.003672
631	2119	0.003679
632	392	0.003699
633	775	0.003707
634	529	0.003731
635	586	0.003745
636	2341	0.003785
637	2106	0.003810
638	1240	0.003825
639	623	0.003833
640	1519	0.003838
641	589	0.003848
642	2213	0.003858
643	1454	0.003883
644	1690	0.003892
645	1570	0.003942
646	679	0.003964
647	1040	0.003965
648	449	0.003993
649	873	0.004008
650	1273	0.004051
651	577	0.004063
652	1815	0.004087
653	2114	0.004105
654	1165	0.004111
655	1597	0.004139
656	1668	0.004144
657	1746	0.004170
658	1013	0.004201
659	1038	0.004234
660	161	0.004236
661	1932	0.004278
662	1323	0.004279
663	1951	0.004290
664	2313	0.004345
665	1484	0.004358
666	520	0.004376
667	1694	0.004386
668	277	0.004470
669	1429	0.004479
670	1576	0.004481
671	1296	0.004571
672	1737	0.004668
673	1636	0.004691
674	1864	0.004720
675	2170	0.004768
676	513	0.004772
677	1650	0.004785
678	372	0.004787
679	602	0.004804
680	1774	0.004838
681	1450	0.004839
682	2345	0.004840
683	2056	0.004845
684	506	0.004864
685	1456	0.004886
686	1929	0.004891
687	191	0.004908
688	2287	0.004913
689	38	0.004981
690	120	0.004988
691	1948	0.005053
692	122	0.005056
693	1916	0.005061
694	1221	0.005111
695	8	0.005117
696	1076	0.005183
697	1379	0.005220
698	1485	0.005247
699	2178	0.005297
700	188	0.005311
701	481	0.005346
702	1573	0.005595
703	1886	0.005619
704	446	0.005629
705	1317	0.005680
706	1055	0.005696
707	523	0.005754
708	417	0.005766
709	638	0.005856
710	1866	0.005872
711	296	0.005892
712	2281	0.005919
713	902	0.005924
714	1710	0.005924
715	2102	0.005930
716	98	0.005986
717	819	0.005995
718	542	0.006009
719	1627	0.006014
720	268	0.006034
721	677	0.006045
722	1177	0.006121
723	1637	0.006138
724	414	0.006173
725	862	0.006190
726	2061	0.006236
727	689	0.006245
728	783	0.006277
729	14	0.006300
730	2153	0.006315
731	2296	0.006345
732	241	0.006352
733	212	0.006393
734	763	0.006508
735	384	0.006576
736	1633	0.006632
737	1496	0.006660
738	753	0.006834
739	275	0.006868
740	1142	0.006897
741	1399	0.006907
742	735	0.006941
743	646	0.006957
744	1756	0.006966
745	716	0.006970
746	2002	0.006971
747	134	0.007008
748	2194	0.007029
749	2359	0.007041
750	889	0.007071
751	1214	0.007072
752	1782	0.007092
753	1192	0.007167
754	1910	0.007266
755	1149	0.007281
756	239	0.007290
757	1908	0.007295
758	1878	0.007365
759	1740	0.007390
760	484	0.007419
761	1743	0.007430
762	1701	0.007447
763	294	0.007473
764	903	0.007523
765	27	0.007559
766	1906	0.007566
767	1792	0.007590
768	2312	0.007624
769	2179	0.007698
770	1542	0.007796
771	62	0.007804
772	253	0.007839
773	1983	0.007937
774	1817	0.007956
775	1912	0.007983
776	1093	0.008100
777	299	0.008168
778	2267	0.008324
779	2030	0.008357
780	891	0.008357
781	823	0.008370
782	1349	0.008412
783	930	0.008501
784	1641	0.008633
785	327	0.008715
786	1586	0.008721
787	1235	0.008879
788	201	0.008925
789	2349	0.008953
790	1925	0.009039
791	1048	0.009064
792	657	0.009068
793	544	0.009122
794	1446	0.009161
795	2317	0.009167
796	1584	0.009183
797	1936	0.009232
798	1753	0.009233
799	2145	0.009252
800	655	0.009253
801	2118	0.009289
802	2037	0.009290
803	2198	0.009325
804	2099	0.009331
805	397	0.009340
806	2368	0.009565
807	1428	0.009638
808	2199	0.009672
809	878	0.009691
810	2108	0.009716
811	2291	0.009771
812	1414	0.009781
813	705	0.009837
814	2371	0.009874
815	28	0.010092
816	169	0.010108
817	808	0.010218
818	923	0.010220
819	1460	0.010340
820	1536	0.010347
821	820	0.010394
822	1459	0.010504
823	527	0.010568
824	672	0.010705
825	2021	0.010893
826	1577	0.010924
827	651	0.010975
828	805	0.010995
829	3	0.011019
830	824	0.011067
831	2376	0.011246
832	2232	0.011259
833	2196	0.011260
834	549	0.011349
835	812	0.011509
836	462	0.011529
837	1224	0.011535
838	1569	0.011606
839	442	0.011637
840	1861	0.011644
841	240	0.011801
842	863	0.011815
843	1978	0.011817
844	2055	0.011863
845	344	0.011904
846	606	0.011948
847	1280	0.011972
848	43	0.012057
849	358	0.012066
850	1045	0.012080
851	1698	0.012089
852	210	0.012129
853	1499	0.012167
854	1090	0.012231
855	510	0.012250
856	1455	0.012268
857	1049	0.012292
858	1930	0.012309
859	1762	0.012317
860	456	0.012324
861	981	0.012329
862	221	0.012399
863	422	0.012400
864	2346	0.012418
865	2273	0.012440
866	1385	0.012705
867	2185	0.012724
868	956	0.012820
869	1558	0.012984
870	2342	0.013019
871	2285	0.013030
872	2392	0.013162
873	1148	0.013164
874	837	0.013186
875	1283	0.013252
876	160	0.013280
877	157	0.013310
878	1911	0.013502
879	717	0.013512
880	217	0.013619
881	1473	0.013701
882	419	0.013704
883	420	0.013835
884	1325	0.014010
885	386	0.014061
886	1433	0.014146
887	499	0.014164
888	965	0.014251
889	1287	0.014554
890	1410	0.014754
891	964	0.014859
892	1791	0.014903
893	2072	0.015070
894	2139	0.015088
895	179	0.015132
896	2391	0.015304
897	1592	0.015370
898	1226	0.015493
899	2208	0.015745
900	796	0.015790
901	483	0.015932
902	382	0.015943
903	668	0.016027
904	4	0.016156
905	56	0.016158
906	1435	0.016200
907	343	0.016536
908	1091	0.016540
909	1514	0.016555
910	409	0.016558
911	1674	0.016611
912	1984	0.016741
913	920	0.016751
914	1228	0.017088
915	1467	0.017103
916	235	0.017156
917	335	0.017316
918	1676	0.017334
919	2067	0.017405
920	1119	0.018049
921	328	0.018144
922	2261	0.018240
923	2042	0.018414
924	894	0.018456
925	1157	0.018699
926	664	0.018802
927	562	0.018908
928	1758	0.018934
929	1820	0.019047
930	1062	0.019106
931	1518	0.019405
932	2197	0.019486
933	1178	0.019516
934	198	0.019723
935	632	0.019748
936	2408	0.019914
937	159	0.019945
938	269	0.020059
939	2152	0.020138
940	1005	0.020152
941	1615	0.020408
942	1080	0.020599
943	876	0.020696
944	1002	0.020780
945	1972	0.020802
946	1103	0.020823
947	881	0.020939
948	810	0.020982
949	255	0.020998
950	1899	0.021103
951	1173	0.021149
952	1684	0.021198
953	1025	0.021250
954	1831	0.021399
955	171	0.021532
956	2303	0.022030
957	880	0.022241
958	1770	0.022248
959	2184	0.022294
960	183	0.022302
961	2277	0.022313
962	2115	0.022417
963	634	0.022722
964	726	0.022872
965	2143	0.023116
966	2050	0.023301
967	1152	0.023420
968	611	0.023529
969	879	0.023577
970	2045	0.023705
971	1875	0.023790
972	1395	0.023884
973	1971	0.024138
974	252	0.024213
975	1898	0.024254
976	1285	0.024398
977	982	0.024530
978	1963	0.024638
979	686	0.024747
980	1821	0.024838
981	1904	0.024949
982	403	0.025192
983	2019	0.025337
984	1079	0.025668
985	374	0.025712
986	2282	0.025715
987	121	0.025728
988	901	0.025745
989	411	0.025986
990	1973	0.026049
991	2268	0.026116
992	2330	0.026264
993	1097	0.026407
994	35	0.026488
995	2144	0.026607
996	246	0.026879
997	1351	0.026944
998	1874	0.026965
999	715	0.027297
1000	1141	0.027408
1001	363	0.028030
1002	243	0.028746
1003	135	0.028748
1004	2031	0.028749
1005	104	0.028763
1006	926	0.028986
1007	1706	0.029222
1008	492	0.029222
1009	1796	0.029258
1010	543	0.029846
1011	1652	0.029999
1012	329	0.030327
1013	2180	0.030411
1014	1513	0.030625
1015	1365	0.030675
1016	1175	0.030889
1017	1967	0.030892
1018	1781	0.030995
1019	1114	0.031903
1020	2331	0.032083
1021	816	0.032149
1022	639	0.032259
1023	203	0.032767
1024	1190	0.032804
1025	78	0.032829
1026	1195	0.032959
1027	437	0.032968
1028	1934	0.032981
1029	186	0.033347
1030	872	0.033407
1031	2167	0.033462
1032	1218	0.033584
1033	167	0.033627
1034	1007	0.033656
1035	724	0.034171
1036	990	0.034472
1037	49	0.034601
1038	1053	0.034917
1039	1604	0.034926
1040	2195	0.035074
1041	72	0.035213
1042	368	0.036132
1043	1802	0.036505
1044	1697	0.036701
1045	297	0.036805
1046	1733	0.037162
1047	1693	0.037513
1048	1667	0.037668
1049	945	0.037727
1050	2126	0.037752
1051	728	0.037764
1052	652	0.038775
1053	1975	0.039019
1054	2263	0.039058
1055	1294	0.039367
1056	2224	0.039580
1057	460	0.039914
1058	304	0.039917
1059	1897	0.040535
1060	88	0.040824
1061	994	0.040967
1062	1956	0.040982
1063	2024	0.041077
1064	1888	0.041204
1065	385	0.041814
1066	1403	0.041894
1067	942	0.042164
1068	2307	0.042728
1069	1036	0.042921
1070	170	0.042962
1071	986	0.043657
1072	233	0.044045
1073	2378	0.044764
1074	1870	0.045168
1075	1585	0.045283
1076	342	0.045564
1077	1321	0.045626
1078	1889	0.045716
1079	351	0.045782
1080	1670	0.046622
1081	2240	0.046635
1082	2158	0.046750
1083	461	0.047100
1084	503	0.047365
1085	907	0.047692
1086	1397	0.047885
1087	1031	0.048058
1088	1666	0.048318
1089	836	0.048388
1090	2087	0.048468
1091	992	0.048564
1092	2259	0.049355
1093	2406	0.049501
1094	1249	0.049648
1095	2161	0.049749
1096	744	0.049872
1097	29	0.049929
1098	2238	0.050297
1099	696	0.050519
1100	337	0.050553
1101	1260	0.051401
1102	502	0.051982
1103	69	0.052200
1104	713	0.052587
1105	1387	0.052767
1106	11	0.053192
1107	979	0.053211
1108	635	0.053223
1109	491	0.053876
1110	1619	0.054057
1111	814	0.054493
1112	1163	0.054799
1113	948	0.054843
1114	886	0.054933
1115	551	0.055313
1116	340	0.055352
1117	105	0.056634
1118	828	0.057062
1119	791	0.057113
1120	1407	0.057283
1121	1158	0.057732
1122	2022	0.059222
1123	1064	0.060098
1124	991	0.060129
1125	1703	0.060994
1126	289	0.061850
1127	777	0.062253
1128	1100	0.062413
1129	1408	0.062467
1130	2235	0.062915
1131	840	0.063295
1132	2386	0.064165
1133	2211	0.064309
1134	2018	0.064585
1135	1543	0.064721
1136	2401	0.065052
1137	371	0.065772
1138	915	0.065887
1139	206	0.066330
1140	2132	0.066491
1141	738	0.066942
1142	1203	0.067096
1143	2043	0.068415
1144	568	0.068644
1145	743	0.068804
1146	317	0.070072
1147	1390	0.070194
1148	1777	0.070615
1149	1123	0.070719
1150	290	0.070970
1151	73	0.070972
1152	1846	0.070976
1153	40	0.071570
1154	790	0.071580
1155	1169	0.071815
1156	752	0.072632
1157	730	0.073678
1158	1656	0.073770
1159	888	0.073943
1160	2175	0.074011
1161	2256	0.074039
1162	1269	0.074047
1163	1201	0.074267
1164	1903	0.074862
1165	2367	0.075134
1166	758	0.076287
1167	2089	0.076596
1168	1369	0.076815
1169	792	0.077112
1170	2382	0.077610
1171	729	0.077900
1172	1217	0.079360
1173	1852	0.079888
1174	154	0.082216
1175	2181	0.084503
1176	2278	0.084826
1177	941	0.085240
1178	133	0.085753
1179	291	0.085914
1180	1301	0.086727
1181	116	0.088444
1182	1503	0.089333
1183	429	0.089526
1184	2328	0.089682
1185	1517	0.089939
1186	13	0.090898
1187	2351	0.091679
1188	870	0.093876
1189	125	0.094101
1190	313	0.095251
1191	1274	0.096959
1192	1104	0.097050
1193	704	0.097215
1194	1623	0.097429
1195	455	0.097629
1196	868	0.098143
1197	63	0.098698
1198	621	0.098961
1199	1094	0.099577
1200	1660	0.100771
1201	2357	0.100852
1202	1411	0.101266
1203	1051	0.101371
1204	258	0.102078
1205	2323	0.102242
1206	1959	0.102289
1207	1631	0.103233
1208	1662	0.103437
1209	2046	0.105593
1210	2029	0.105744
1211	842	0.105849
1212	1112	0.108138
1213	1588	0.108641
1214	1382	0.109032
1215	2397	0.109485
1216	1819	0.110000
1217	95	0.110673
1218	1811	0.111008
1219	924	0.111153
1220	138	0.111547
1221	426	0.111719
1222	933	0.112074
1223	2344	0.112136
1224	2260	0.113072
1225	216	0.115519
1226	322	0.116773
1227	2403	0.116964
1228	1960	0.117239
1229	975	0.120700
1230	1785	0.121607
1231	1	0.123433
1232	369	0.123906
1233	2141	0.124229
1234	1678	0.125663
1235	1447	0.125873
1236	1231	0.126142
1237	339	0.128496
1238	2177	0.128536
1239	1887	0.128645
1240	554	0.128778
1241	2262	0.129343
1242	1172	0.130049
1243	46	0.130175
1244	1525	0.132183
1245	2130	0.133706
1246	892	0.133941
1247	2216	0.141834
1248	1133	0.142659
1249	1074	0.143477
1250	215	0.143630
1251	2149	0.144093
1252	97	0.144455
1253	2109	0.145867
1254	1386	0.148911
1255	331	0.154056
1256	1797	0.155663
1257	1665	0.156799
1258	1241	0.158578
1259	636	0.160563
1260	658	0.163218
1261	1246	0.163258
1262	274	0.163420
1263	626	0.163513
1264	1800	0.165551
1265	1646	0.166394
1266	497	0.167858
1267	2012	0.169421
1268	532	0.171404
1269	440	0.171529
1270	583	0.172474
1271	1826	0.172487
1272	2302	0.173465
1273	860	0.176935
1274	1489	0.177961
1275	660	0.178173
1276	270	0.178844
1277	855	0.181186
1278	1144	0.182065
1279	1211	0.184535
1280	1095	0.184808
1281	32	0.186660
1282	987	0.189832
1283	1264	0.193159
1284	1353	0.195722
1285	55	0.198221
1286	1406	0.200240
1287	1717	0.200941
1288	1812	0.201717
1289	1982	0.203800
1290	1869	0.204115
1291	164	0.205125
1292	670	0.205132
1293	1725	0.207759
1294	1135	0.208152
1295	1835	0.209788
1296	2033	0.210071
1297	2225	0.210759
1298	1979	0.211254
1299	2321	0.215669
1300	811	0.215938
1301	995	0.218110
1302	486	0.228022
1303	2298	0.228174
1304	180	0.228967
1305	587	0.234407
1306	1010	0.237175
1307	1147	0.237371
1308	558	0.238265
1309	1183	0.242983
1310	1805	0.243006
1311	1981	0.243520
1312	524	0.247162
1313	1225	0.247936
1314	1877	0.253625
1315	2188	0.253855
1316	2011	0.257416
1317	377	0.263692
1318	2326	0.268227
1319	1718	0.269358
1320	650	0.277580
1321	528	0.278882
1322	2412	0.279201
1323	2094	0.279495
1324	77	0.279713
1325	1077	0.280589
1326	2104	0.281539
1327	2222	0.281797
1328	619	0.282115
1329	1299	0.282798
1330	559	0.282958
1331	1675	0.285526
1332	967	0.293244
1333	1881	0.301059
1334	1229	0.305692
1335	67	0.306181
1336	1023	0.308358
1337	616	0.314820
1338	835	0.315585
1339	1938	0.318172
1340	1845	0.319702
1341	1198	0.321290
1342	1858	0.323796
1343	2300	0.326264
1344	1475	0.326921
1345	807	0.327291
1346	1649	0.329829
1347	2069	0.338738
1348	1020	0.345198
1349	1272	0.347521
1350	1827	0.354849
1351	1927	0.355476
1352	1707	0.366018
1353	262	0.368296
1354	1607	0.368862
1355	360	0.372173
1356	1976	0.374810
1357	2000	0.378994
1358	643	0.381450
1359	2085	0.385877
1360	1297	0.388654
1361	935	0.392171
1362	1279	0.392335
1363	1084	0.392927
1364	139	0.397474
1365	2210	0.401819
1366	197	0.406609
1367	1700	0.406994
1368	1481	0.407881
1369	1394	0.410649
1370	1745	0.411329
1371	315	0.411564
1372	2017	0.417937
1373	1991	0.431983
1374	1009	0.436170
1375	407	0.450592
1376	864	0.453945
1377	2052	0.455035
1378	1992	0.455052
1379	2239	0.457598
1380	1522	0.464320
1381	1962	0.466579
1382	533	0.469340
1383	1672	0.474990
1384	871	0.478225
1385	841	0.482727
1386	1367	0.483286
1387	48	0.489887
1388	250	0.492301
1389	178	0.495577
1390	2084	0.514101
1391	232	0.516306
1392	1529	0.516782
1393	2157	0.524868
1394	457	0.529151
1395	647	0.530317
1396	509	0.530416
1397	92	0.531402
1398	780	0.534681
1399	1487	0.535537
1400	2014	0.538954
1401	464	0.539755
1402	2325	0.541238
1403	1388	0.548093
1404	1749	0.550704
1405	1671	0.552403
1406	1128	0.553920
1407	1108	0.562974
1408	2116	0.563723
1409	24	0.565358
1410	1651	0.566046
1411	349	0.566055
1412	1953	0.568352
1413	375	0.571163
1414	2404	0.579599
1415	1089	0.587366
1416	1851	0.602450
1417	158	0.604351
1418	1539	0.605531
1419	718	0.608387
1420	325	0.612449
1421	381	0.615545
1422	399	0.618785
1423	1469	0.634972
1424	2	0.641230
1425	2337	0.646440
1426	52	0.649912
1427	516	0.656289
1428	531	0.658216
1429	618	0.661968
1430	591	0.662286
1431	1276	0.667313
1432	1162	0.667824
1433	739	0.674223
1434	2214	0.676278
1435	1856	0.676490
1436	786	0.677608
1437	697	0.680038
1438	427	0.682296
1439	829	0.683208
1440	732	0.687967
1441	1001	0.696071
1442	2135	0.697859
1443	2154	0.698302
1444	919	0.702320
1445	2039	0.717246
1446	475	0.742622
1447	1267	0.746085
1448	2100	0.752748
1449	966	0.759005
1450	1873	0.760960
1451	487	0.765500
1452	1601	0.770577
1453	922	0.786660
1454	1333	0.787744
1455	547	0.791284
1456	1632	0.798501
1457	641	0.805730
1458	518	0.814391
1459	31	0.814639
1460	2068	0.817601
1461	326	0.819005
1462	1609	0.839357
1463	194	0.851662
1464	545	0.856483
1465	1709	0.859325
1466	2309	0.875509
1467	1082	0.875701
1468	234	0.886008
1469	1557	0.899388
1470	2318	0.900935
1471	451	0.902271
1472	584	0.909587
1473	1836	0.916607
1474	1528	0.920205
1475	1957	0.932945
1476	683	0.953398
1477	36	0.966791
1478	1263	0.971974
1479	1378	0.974782
1480	567	0.976884
1481	1752	0.978013
1482	1187	0.978747
1483	861	1.002005
1484	1946	1.008360
1485	2103	1.018211
1486	2142	1.018218
1487	476	1.027708
1488	1019	1.058920
1489	969	1.070752
1490	1268	1.079794
1491	279	1.088077
1492	2086	1.094345
1493	59	1.115102
1494	2040	1.119815
1495	177	1.150861
1496	1504	1.160944
1497	1738	1.173069
1498	1884	1.177302
1499	2128	1.181735
1500	2110	1.185596
1501	1216	1.190744
1502	364	1.218444
1503	2036	1.229802
1504	852	1.232267
1505	2288	1.237638
1506	2377	1.246029
1507	2165	1.251426
1508	2230	1.275381
1509	1377	1.276501
1510	1630	1.293760
1511	882	1.297642
1512	1389	1.299400
1513	1230	1.310095
1514	1384	1.346298
1515	1234	1.367578
1516	714	1.378278
1517	2140	1.396136
1518	1396	1.404806
1519	1624	1.408741
1520	1842	1.409375
1521	1021	1.422385
1522	608	1.423101
1523	874	1.434569
1524	504	1.441343
1525	64	1.455241
1526	599	1.456584
1527	1222	1.472145
1528	673	1.477572
1529	1712	1.479360
1530	970	1.492519
1531	858	1.500922
1532	1427	1.518483
1533	90	1.525426
1534	1761	1.550297
1535	225	1.552376
1536	1134	1.596167
1537	1759	1.604527
1538	124	1.643332
1539	2162	1.659801
1540	387	1.666812
1541	1729	1.777125
1542	989	1.783095
1543	439	1.851484
1544	1837	1.859898
1545	996	1.894174
1546	1113	1.900185
1547	1419	1.944880
1548	1348	1.947630
1549	1578	1.964883
1550	1258	1.978339
1551	566	1.978595
1552	561	1.981684
1553	1913	1.996794
1554	2244	2.030451
1555	2220	2.072218
1556	75	2.079695
1557	2077	2.103490
1558	370	2.119755
1559	1587	2.154926
1560	1879	2.159446
1561	762	2.170837
1562	453	2.175151
1563	300	2.200706
1564	1337	2.220850
1565	2113	2.243779
1566	42	2.257671
1567	1058	2.283953
1568	390	2.294148
1569	1440	2.296504
1570	548	2.303239
1571	1560	2.330985
1572	1964	2.336339
1573	45	2.365822
1574	1896	2.371297
1575	1950	2.385736
1576	916	2.417133
1577	1567	2.457862
1578	323	2.460568
1579	822	2.508073
1580	2133	2.527329
1581	1331	2.570151
1582	2098	2.605000
1583	1470	2.615388
1584	598	2.626128
1585	2398	2.669569
1586	604	2.745623
1587	185	2.796891
1588	482	2.821420
1589	109	2.822727
1590	911	2.860124
1591	799	2.959868
1592	87	2.970692
1593	1589	2.992973
1594	1327	2.998768
1595	2171	3.038253
1596	311	3.045196
1597	336	3.056891
1598	0	3.135131
1599	2247	3.230752
1600	2381	3.263304
1601	612	3.265749
1602	1184	3.299163
1603	1849	3.304211
1604	620	3.335617
1605	2063	3.518522
1606	2327	3.753222
1607	1166	3.945694
1608	571	3.971581
1609	1431	4.021844
1610	1026	4.112718
1611	26	4.159529
1612	412	4.301713
1613	1814	4.320464
1614	1145	4.320795
1615	1965	4.334252
1616	2064	4.482137
1617	1398	4.497813
1618	1430	4.654056
1619	1194	4.840309
1620	1261	4.954623
1621	195	4.976830
1622	2009	4.993646
1623	723	5.033176
1624	685	5.082603
1625	910	5.108783
1626	2227	5.303506
1627	1572	5.552631
1628	897	5.727448
1629	1102	5.786490
1630	94	5.813539
1631	34	5.962921
1632	1087	6.197626
1633	444	6.226155
1634	1931	6.316305
1635	220	6.376483
1636	2062	6.434862
1637	1462	6.640762
1638	1832	6.648033
1639	2229	6.656448
1640	1687	6.708653
1641	2168	6.716888
1642	2409	6.768788
1643	431	6.931770
1644	259	6.971213
1645	2365	6.980123
1646	1341	7.201585
1647	867	7.296080
1648	1266	7.383594
1649	1731	7.425410
1650	1890	7.426383
1651	2383	7.469615
1652	2107	7.708732
1653	1409	7.759220
1654	1443	7.961405
1655	999	7.987341
1656	1161	8.115950
1657	1600	8.838344
1658	779	8.931890
1659	684	9.014968
1660	1893	9.016999
1661	1657	9.141921
1662	2290	9.174593
1663	628	9.278145
1664	1207	9.353451
1665	1616	9.419003
1666	1998	9.778621
1667	1075	9.799791
1668	2301	9.972501
1669	2075	10.279992
1670	1491	10.454336
1671	1250	10.585402
1672	578	10.888037
1673	2284	10.990350
1674	1015	11.451353
1675	997	11.553923
1676	1598	11.567642
1677	1445	11.611354
1678	298	12.530449
1679	1794	12.554446
1680	1813	12.793601
1681	2006	12.928428
1682	2189	13.005816
1683	367	13.407127
1684	928	14.177493
1685	2111	14.430961
1686	204	14.528955
1687	1689	14.857393
1688	936	15.149295
1689	1354	15.427211
1690	223	15.732508
1691	2159	15.759842
1692	1551	15.970978
1693	54	16.326065
1694	2123	16.733828
1695	887	17.321306
1696	149	17.654263
1697	539	17.791288
1698	113	18.160610
1699	2234	18.448397
1700	2360	18.564842
1701	2305	18.658356
1702	86	19.117113
1703	488	19.323862
1704	2380	21.090527
1705	100	21.973291
1706	1980	22.583111
1707	1742	25.369005
1708	2388	25.403820
1709	256	25.870544
1710	1171	27.406059
1711	1562	27.592833
1712	988	27.667452
1713	1695	29.641016
1714	2242	30.112843
1715	1647	30.939585
1716	1720	31.020761
1717	1370	31.043640
1718	1661	31.078936
1719	1501	31.750854
1720	1804	31.801252
1721	830	32.644535
1722	1347	33.139702
1723	2373	33.154751
1724	1060	33.802174
1725	597	35.827950
1726	41	35.908871
1727	1461	38.861919
1728	1502	39.167267
1729	2202	39.425087
1730	782	40.143150
1731	2121	40.346142
1732	1041	40.529839
1733	334	42.399124
1734	2008	42.901226
1735	207	43.548962
1736	843	46.299038
1737	711	47.003212
1738	550	47.299755
1739	401	47.433548
1740	320	48.076500
1741	884	49.575539
1742	1611	50.836391
1743	2026	51.864849
1744	108	52.744507
1745	1784	54.423916
1746	1722	55.081104
1747	958	58.143921
1748	496	59.286091
1749	2074	59.630497
1750	525	64.659264
1751	572	67.105194
1752	1715	71.565620
1753	1434	72.928970
1754	2236	79.318077
1755	918	83.186516
1756	383	83.634453
1757	1136	86.391159
1758	33	90.877426
1759	2166	93.437172
1760	952	93.845619
1761	893	96.330887
1762	248	97.430473
1763	2335	102.713516
1764	280	108.942390
1765	2283	113.693413
1766	656	116.428146
1767	1028	119.280273
1768	844	119.691696
1769	535	123.684196
1770	302	125.251869
1771	1302	142.106339
1772	851	172.677994
1773	2023	194.414886
1774	348	196.644577
1775	1291	202.485489
1776	1032	209.951111
1777	362	217.331665
1778	755	217.664841
1779	1486	218.236847
1780	2369	221.216446
1781	707	221.688004
1782	784	227.240799
1783	644	233.683609
1784	479	240.999390
1785	2286	287.566254
1786	1654	292.011627
1787	152	301.408386
1788	2333	318.666107
1789	118	323.003632
1790	853	351.332123
1791	1773	370.778259
1792	2292	384.400848
1793	1022	401.536133
1794	288	411.100342
1795	2385	478.997559
1796	1402	516.809509
1797	2314	522.688599
1798	2315	579.955383
1799	1926	610.397644
1800	71	662.711609
1801	144	683.908691
1802	785	738.269470
1803	151	740.095764
1804	2246	783.739075
1805	393	796.926086
1806	1070	944.125488
1807	1189	1002.923584
1808	1418	1019.306396
1809	1613	1026.405762
1810	1506	1338.792480
1811	1952	1530.433960
1812	76	1532.281006
1813	859	2083.212891
1814	1380	2199.925537
1815	1029	2380.373535
1816	748	2539.054443
1817	1779	2875.449219
1818	1366	2997.853516
1819	2101	3168.660889
1820	968	3839.246582
1821	1704	4108.315430
1822	703	7098.677246
1823	1520	7577.474121
1824	1726	12405.299805
1825	6	15461.432617
1826	1580	16286.452148
